Normal matrix
0 1 0 0 1 1 1 0 0 0 0 1 0 1 0 1
0 1 0 1 1 0 0 1 0 1 0 1 1 1 1 1
0 0 0 1 1 1 0 0 1 0 0 0 0 0 1 1
1 0 1 1 0 0 1 1 0 1 0 1 1 0 1 0
1 1 1 1 1 1 0 1 1 1 0 1 0 1 1 0
1 0 1 1 1 1 0 1 0 1 1 1 0 1 0 0
1 1 0 1 0 1 0 1 1 1 0 1 0 1 1 1
1 0 0 1 1 1 1 0 0 1 0 0 1 1 0 1
1 0 1 0 1 0 0 0 0 1 0 0 1 1 1 1
0 0 1 1 1 1 0 0 1 0 0 0 1 0 0 0
1 0 0 0 1 0 1 0 1 0 0 0 0 0 1 0
0 0 0 0 0 0 1 1 1 1 1 1 1 0 1 0
0 1 0 1 1 0 1 0 1 1 0 0 1 1 0 0
0 1 0 1 0 0 1 0 0 1 1 1 1 1 0 0
0 1 1 1 1 0 1 1 0 1 1 1 1 0 0 1
0 0 0 0 1 0 1 0 1 0 1 1 1 0 0 0
Diagonal matrix
0 1 1 0 0 1 0 1 0 0 1 0 1 1 1 0
1 0 1 1 1 0 1 0 1 1 0 1 0 0 1 0
0 1 0 0 1 1 0 0 0 0 1 1 1 0 1 0
0 0 0 1 0 0 1 1 0 0 0 1 0 1 0 1
1 1 0 0 1 0 1 1 1 0 0 1 1 0 1 0
1 1 1 1 1 1 1 0 1 1 0 1 1 0 1 1
1 0 1 1 1 0 1 1 1 0 0 1 0 1 0 0
0 0 1 0 1 1 1 1 1 0 0 1 0 1 1 1
0 1 0 0 1 1 0 0 1 0 1 0 1 1 1 0
0 0 0 1 1 1 1 0 0 0 0 1 1 1 1 1
0 1 1 1 0 1 0 1 1 0 1 0 0 1 1 1
1 0 0 0 1 0 1 1 0 1 0 0 0 0 0 1
0 1 0 1 1 1 0 1 1 1 0 0 0 0 0 0
1 1 0 0 1 0 1 1 0 1 0 0 1 0 1 0
0 1 0 1 0 1 1 0 0 1 1 0 0 1 0 0
1 1 0 1 1 1 1 0 0 0 0 0 1 0 1 0
5th word in matrix
[1, 0, 1, 1, 1, 1, 0, 1, 0, 1, 1, 1, 0, 1, 0, 0]

Matrix before sum
0 1 0 0 1 1 1 0 0 0 0 1 0 1 0 1
0 1 0 1 1 0 0 1 0 1 0 1 1 1 1 1
0 0 0 1 1 1 0 0 1 0 0 0 0 0 1 1
1 0 1 1 0 0 1 1 0 1 0 1 1 0 1 0
1 1 1 1 1 1 0 1 1 1 0 1 0 1 1 0
1 0 1 1 1 1 0 1 0 1 1 1 0 1 0 0
1 1 0 1 0 1 0 1 1 1 0 1 0 1 1 1
1 0 0 1 1 1 1 0 0 1 0 0 1 1 0 1
1 0 1 0 1 0 0 0 0 1 0 0 1 1 1 1
0 0 1 1 1 1 0 0 1 0 0 0 1 0 0 0
1 0 0 0 1 0 1 0 1 0 0 0 0 0 1 0
0 0 0 0 0 0 1 1 1 1 1 1 1 0 1 0
0 1 0 1 1 0 1 0 1 1 0 0 1 1 0 0
0 1 0 1 0 0 1 0 0 1 1 1 1 1 0 0
0 1 1 1 1 0 1 1 0 1 1 1 1 0 0 1
0 0 0 0 1 0 1 0 1 0 1 1 1 0 0 0
Sum with V (matrix after sum operation)
0 1 0 0 1 1 1 0 0 0 0 1 0 1 0 1
0 1 0 1 1 0 0 1 0 1 0 1 1 1 1 1
0 0 0 1 1 1 0 0 1 0 0 0 0 0 1 1
1 0 1 1 0 0 1 1 0 1 0 1 1 0 1 0
1 1 1 1 1 1 0 1 1 1 0 1 0 1 1 0
1 0 1 1 1 1 0 1 0 1 1 1 0 1 0 0
1 1 0 1 0 1 0 1 1 1 0 1 0 1 1 1
1 0 0 1 1 1 1 0 0 1 0 1 0 0 0 1
1 0 1 0 1 0 0 0 0 1 0 0 1 1 1 1
0 0 1 1 1 1 0 0 1 0 0 0 1 0 0 0
1 0 0 0 1 0 1 0 1 0 0 0 1 0 0 1
0 0 0 0 0 0 1 1 1 1 1 1 1 0 1 0
0 1 0 1 1 0 1 0 1 1 0 0 1 1 0 0
0 1 0 1 0 0 1 0 0 1 1 1 1 1 0 0
0 1 1 1 1 0 1 1 0 1 1 1 1 0 0 1
0 0 0 0 1 0 1 0 1 0 1 1 1 0 0 0

Bool func 2 (input - 0, 1; output - 2)
0 1 0 0 1 1 1 0 0 0 0 1 0 1 0 1
0 1 0 1 1 0 0 1 0 1 0 1 1 1 1 1
0 0 0 0 0 1 1 0 0 0 0 0 0 0 0 0
1 0 1 1 0 0 1 1 0 1 0 1 1 0 1 0
1 1 1 1 1 1 0 1 1 1 0 1 0 1 1 0
1 0 1 1 1 1 0 1 0 1 1 1 0 1 0 0
1 1 0 1 0 1 0 1 1 1 0 1 0 1 1 1
1 0 0 1 1 1 1 0 0 1 0 1 0 0 0 1
1 0 1 0 1 0 0 0 0 1 0 0 1 1 1 1
0 0 1 1 1 1 0 0 1 0 0 0 1 0 0 0
1 0 0 0 1 0 1 0 1 0 0 0 1 0 0 1
0 0 0 0 0 0 1 1 1 1 1 1 1 0 1 0
0 1 0 1 1 0 1 0 1 1 0 0 1 1 0 0
0 1 0 1 0 0 1 0 0 1 1 1 1 1 0 0
0 1 1 1 1 0 1 1 0 1 1 1 1 0 0 1
0 0 0 0 1 0 1 0 1 0 1 1 1 0 0 0
Bool func 7 (input - 3, 4; output - 5)
0 1 0 0 1 1 1 0 0 0 0 1 0 1 0 1
0 1 0 1 1 0 0 1 0 1 0 1 1 1 1 1
0 0 0 0 0 1 1 0 0 0 0 0 0 0 0 0
1 0 1 1 0 0 1 1 0 1 0 1 1 0 1 0
1 1 1 1 1 1 0 1 1 1 0 1 0 1 1 0
1 1 1 1 1 1 1 1 1 1 0 1 1 1 1 0
1 1 0 1 0 1 0 1 1 1 0 1 0 1 1 1
1 0 0 1 1 1 1 0 0 1 0 1 0 0 0 1
1 0 1 0 1 0 0 0 0 1 0 0 1 1 1 1
0 0 1 1 1 1 0 0 1 0 0 0 1 0 0 0
1 0 0 0 1 0 1 0 1 0 0 0 1 0 0 1
0 0 0 0 0 0 1 1 1 1 1 1 1 0 1 0
0 1 0 1 1 0 1 0 1 1 0 0 1 1 0 0
0 1 0 1 0 0 1 0 0 1 1 1 1 1 0 0
0 1 1 1 1 0 1 1 0 1 1 1 1 0 0 1
0 0 0 0 1 0 1 0 1 0 1 1 1 0 0 0
Bool func 8 (input - 6, 7; output - 8)
0 1 0 0 1 1 1 0 0 0 0 1 0 1 0 1
0 1 0 1 1 0 0 1 0 1 0 1 1 1 1 1
0 0 0 0 0 1 1 0 0 0 0 0 0 0 0 0
1 0 1 1 0 0 1 1 0 1 0 1 1 0 1 0
1 1 1 1 1 1 0 1 1 1 0 1 0 1 1 0
1 1 1 1 1 1 1 1 1 1 0 1 1 1 1 0
1 1 0 1 0 1 0 1 1 1 0 1 0 1 1 1
1 0 0 1 1 1 1 0 0 1 0 1 0 0 0 1
0 1 0 0 0 0 0 1 1 0 0 0 0 1 1 0
0 0 1 1 1 1 0 0 1 0 0 0 1 0 0 0
1 0 0 0 1 0 1 0 1 0 0 0 1 0 0 1
0 0 0 0 0 0 1 1 1 1 1 1 1 0 1 0
0 1 0 1 1 0 1 0 1 1 0 0 1 1 0 0
0 1 0 1 0 0 1 0 0 1 1 1 1 1 0 0
0 1 1 1 1 0 1 1 0 1 1 1 1 0 0 1
0 0 0 0 1 0 1 0 1 0 1 1 1 0 0 0
Bool func 13 (input - 9, 10; output - 11)
0 1 0 0 1 1 1 0 0 0 0 1 0 1 0 1
0 1 0 1 1 0 0 1 0 1 0 1 1 1 1 1
0 0 0 0 0 1 1 0 0 0 0 0 0 0 0 0
1 0 1 1 0 0 1 1 0 1 0 1 1 0 1 0
1 1 1 1 1 1 0 1 1 1 0 1 0 1 1 0
1 1 1 1 1 1 1 1 1 1 0 1 1 1 1 0
1 1 0 1 0 1 0 1 1 1 0 1 0 1 1 1
1 0 0 1 1 1 1 0 0 1 0 1 0 0 0 1
0 1 0 0 0 0 0 1 1 0 0 0 0 1 1 0
0 0 1 1 1 1 0 0 1 0 0 0 1 0 0 0
1 0 0 0 1 0 1 0 1 0 0 0 1 0 0 1
0 0 1 1 0 1 0 0 0 0 0 0 0 0 0 0
0 1 0 1 1 0 1 0 1 1 0 0 1 1 0 0
0 1 0 1 0 0 1 0 0 1 1 1 1 1 0 0
0 1 1 1 1 0 1 1 0 1 1 1 1 0 0 1
0 0 0 0 1 0 1 0 1 0 1 1 1 0 0 0

Words in range from 7827 to 42355
0 1 0 0 1 1 1 0 0 0 0 1 0 1 0 1
0 1 0 1 1 0 0 1 0 1 0 1 1 1 1 1
1 0 0 1 1 1 1 0 0 1 0 1 0 0 0 1
0 1 0 0 0 0 0 1 1 0 0 0 0 1 1 0
0 0 1 1 1 1 0 0 1 0 0 0 1 0 0 0
1 0 0 0 1 0 1 0 1 0 0 0 1 0 0 1
0 0 1 1 0 1 0 0 0 0 0 0 0 0 0 0
0 1 0 1 1 0 1 0 1 1 0 0 1 1 0 0
0 1 0 1 0 0 1 0 0 1 1 1 1 1 0 0
0 1 1 1 1 0 1 1 0 1 1 1 1 0 0 1
